,0,1,2,3,4,5,6,7,8,9,10,11,12,13,14,15,16,17,18,19,20,21,22,23,24,25,26,27,28,29,30,31,32,33,34,35,36,37,38,39,40,41,42,43,44,45,46,47,48,49,50,51,52,53,54,55,56,57,58,59,60,61,62,63,64,65,66,67,68,69,70,71,72,73,74,75,76,77,78,79,80,81,82,83,84,85,86,87,88,89,90,91,92,93,94,95,96,97,98,99,100,101,102,103,104,105,106,107,108,109,110,111,112,113,114,115,movies
0,0.0,5.00622471317,5.0054699801,5.00659493118,8.97423030076,3.0222208843,8.97501879062,5.00745641702,3.0218019503,6.0,7.98351752729,7.98195488722,6.99319727891,5.99914345212,7.98538367844,6.0,3.0218019503,5.00647520894,5.00647520894,5.01167918099,5.99913652236,3.0222208843,5.00730816078,8.97845527197,6.99269183922,7.98195488722,6.99319727891,6.00116641549,5.00622471317,6.0,5.99640691336,6.00003543351,7.98530267666,5.99640691336,5.00730816078,8.9750447804,8.97423030076,5.00745641702,8.97501879062,6.99269183922,5.00730816078,2.05461632156,7.9552238806,6.99269183922,6.10554415661,5.99388534199,6.99269183922,7.81538461538,8.92412041065,7.98447266114,7.95041322314,7.98307645461,7.95471698113,7.96907216495,4.99413850586,5.979785225,5.03407114957,6.99269183922,4.02889089459,6.13309273469,6.97887323944,6.99750489056,6.95251364023,7.96319018405,6.98974358974,6.00321815501,6.94690265487,4.01461632156,6.99269183922,5.98090845639,9.02461632156,6.0,10.9540794088,5.98191877388,6.97235023041,4.01461632156,6.96739130435,6.0,8.04413469051,7.94915254237,6.9920990353,6.98552957639,3.06948432658,11.2646163216,5.00622471317,5.99576969924,6.0,6.0,5.99312376362,6.00003543351,6.9858490566,7.97423030076,11.2931707027,6.99269183922,6.1503649406,6.1362866952,6.01033170339,8.89447458753,6.98884662232,6.0,5.00730816078,4.01461632156,6.96296296296,8.95242338284,7.9795221843,5.98763602963,3.0222208843,7.90551181102,5.99164236443,6.97692841394,5.97539326716,5.00730816078,6.99269183922,7.94570135747,4.98071801647,15.8328197227,Iron Man
1,5.00622471317,0.0,6.0,6.99197860963,6.99076923077,5.99921295435,11.9994839674,6.99284009547,5.99879402035,6.0,8.97325976776,12.9881796004,6.99076923077,6.98966839612,11.0168539326,5.9964035964,5.99879402035,6.99185888738,6.99185888738,6.9927104541,6.98966146635,5.99921295435,6.9923857868,8.97628837675,6.0,12.9881796004,6.99319727891,11.0071169655,6.0,6.99311136625,8.97339898341,6.99160839161,6.99076923077,8.97339898341,6.99239543726,9.96556972439,6.99076923077,6.99284009547,11.9994839674,7.98321678322,6.99278846154,5.03160839161,8.94683227221,8.96596736597,5.03092783505,6.0,7.97686637687,12.8216093286,9.91464535465,7.98321678322,7.95041322314,9.96398601399,10.9900688751,6.98453608247,6.0,7.94495412844,6.97931034483,8.96427353967,6.0,6.01573710842,7.98321678322,6.99533799534,6.0,6.99160839161,6.0,6.98947368421,6.0,6.99160839161,7.97815547681,5.01685393258,4.06,6.0,12.9597315436,7.96730245232,6.97235023041,6.99160839161,6.96739130435,6.0,9.03790997735,7.96618466279,6.99239543726,6.0024976838,6.99160839161,14.2397435897,6.0,6.98846153846,6.0,6.0,6.0,6.99160839161,6.9858490566,6.98153846154,12.3014513941,8.96266883801,6.03300931434,6.01893106893,6.99160839161,11.9259448417,7.98321678322,7.96501457726,5.00567638692,6.99160839161,6.96296296296,8.95133993523,7.9795221843,6.98032786885,5.99921295435,8.89712020263,6.98433420366,7.96962025316,6.0,6.98651685393,6.9821958457,5.02714932127,7.95771008652,15.8498518431,Prometheus
2,5.0054699801,6.0,0.0,6.0,6.99076923077,5.00914634146,6.99147329286,5.00715990453,5.99803928728,6.00025745257,5.99997202954,8.97280854575,6.99076923077,6.0,6.99085365854,5.99772289566,5.99803928728,5.00914634146,5.00914634146,4.01898734177,6.0,5.00914634146,6.0,8.97760767601,4.01546391753,8.97280854575,6.99319727891,5.00847457627,6.0,5.00914634146,7.98174895444,6.0,6.99076923077,7.98174895444,6.0,6.99117647059,6.99076923077,5.00715990453,6.99147329286,5.00730816078,5.00721153846,5.00914634146,6.9776119403,5.99632582864,5.03092783505,5.99572352267,5.00773195876,8.80623827392,8.92228222997,6.00092716338,5.98293857033,6.98991557223,5.00773195876,5.01546391753,5.98866852576,6.0,4.04137931034,6.98633257403,5.98756360765,5.00914634146,5.9880195809,5.01212121212,5.98033469849,3.04454177471,5.01278086175,5.00914634146,6.0,6.01790906688,5.00914634146,5.99229240888,5.05226804124,5.98445498344,6.95973154362,6.0,5.98149657188,6.9541004699,6.94392895016,6.98388318357,6.99226804124,7.94915254237,5.00914634146,5.00914634146,5.97805825856,11.2761368667,6.0,6.0,6.96281429513,5.98887607119,5.9949619443,6.0,6.98084445467,5.990684803,11.2928741902,5.98718401356,6.03432861359,5.99128919861,6.00948410742,7.89994456763,5.99991557223,5.99165363009,5.99577531238,6.93641906874,5.97210930443,7.95973154362,6.98866852576,6.96980207917,5.00914634146,6.91465815249,5.99348054512,6.0,5.00914634146,5.9956631954,6.0,6.0194173625,6.94134973129,14.8548569689,Dr. Horrible's Sing-Along Blog
3,5.00659493118,6.99197860963,6.0,0.0,8.97351707116,5.99958317236,11.0063726012,5.99958317236,5.99916423837,6.99197860963,7.98165137615,7.98195488722,7.98517588854,5.99843022253,11.0359884341,6.99197860963,5.99916423837,6.99185888738,6.99185888738,5.0109659514,5.99842329276,5.99958317236,6.0,8.97702881278,6.0,7.98195488722,7.98517588854,9.03203213327,6.99197860963,6.0,7.98179059181,6.99122994652,7.98458944706,7.98179059181,6.0,8.9743315508,8.97351707116,7.98481870509,11.0063726012,8.02982544703,6.99197860963,5.03197860963,8.96156915955,8.97113670643,6.99197860963,6.98657718121,7.97723659488,9.79934183464,9.91538579068,6.99178082192,7.95041322314,7.98236322501,9.93867420038,9.03592353981,7.9590443686,6.97247706422,7.97128895445,7.97831118366,5.02158273381,7.12578457391,8.96283045869,8.96773618538,7.94520547945,6.98159509202,7.98172219937,5.0130312412,9.87776252899,6.99197860963,7.9730941704,6.99197860963,10.0580252146,6.99197860963,12.9581548364,7.97562983578,7.96432884004,6.99197860963,7.0165659149,6.99197860963,10.029888587,11.9696121647,6.0,7.97822141561,4.0621761658,14.2284172662,6.99197860963,6.98846153846,6.97683397683,6.02449775979,7.97163120567,6.99122994652,6.9858490566,7.97351707116,12.2852974581,8.96340927405,6.97510373444,7.12897853442,7.97505197505,12.9090909091,6.99076923077,7.96501457726,5.99802521456,6.99197860963,7.95494157259,10.9950748973,8.97150079393,6.98032786885,5.99958317236,10.9987760597,6.98433420366,7.96962025316,6.96808510638,6.98651685393,6.0,8.93767996709,7.93220338983,17.8296678467,Despicable Me [DVD + Digital Copy] (Universal's 100th Anniversary)
4,8.97423030076,6.99076923077,6.99076923077,8.97351707116,0.0,9.96632933606,8.97270193724,10.0171793787,9.01914234123,9.96376068376,8.97236414961,12.0009969178,7.98153846154,7.98431761787,11.9976026455,8.09673954911,9.01914234123,6.98967957416,6.98967957416,6.00052580331,7.98432454763,9.96632933606,7.98315501757,12.9961626613,6.99076923077,12.0009969178,12.9899448659,9.964589309,6.99076923077,5.99674758701,13.9797419182,8.97426573427,7.98153846154,13.9797419182,7.98316466803,9.96389140271,7.98153846154,10.0171793787,8.97270193724,5.9961547831,7.98153846154,7.98153846154,11.996747587,8.96871794872,6.02169706582,8.03880235007,8.9667964468,9.79692307692,12.0149813074,9.96510010537,9.93195168468,8.97192307692,8.9588969521,7.97530531324,9.94058283014,9.92649258998,9.94015915119,8.96787103557,9.93837299391,8.11607306113,9.094878422,9.9572960373,6.99076923077,9.94472864559,8.97128205128,8.97101214575,11.0100194742,7.98153846154,7.98153846154,9.94783059637,8.95153846154,11.9853281162,11.9631944875,8.9651896877,8.95388869195,8.95401552576,11.0100194742,6.99417004049,8.96041170098,9.93069100391,8.9739338988,9.95975987715,9.11464081883,16.2158726652,6.99076923077,7.98153846154,7.98153846154,10.04734216,6.99076923077,8.97426573427,8.96738751814,7.98153846154,14.4017873468,11.0630047907,8.13334526704,6.9993956044,7.98153846154,13.8982339334,8.97230769231,9.9465530388,8.97450446388,9.90881118881,7.01857549858,8.96140423335,8.97129955369,7.97109709962,8.93429436705,8.93429436705,7.98153846154,9.9511587147,11.9781045806,6.99502160761,7.97296507647,9.927239819,8.94764015645,17.8143581842,Frank Miller's Sin City (With Collectors Slip: Jackie Boy & Shellie Cover Edition - B)
5,3.0222208843,5.99921295435,5.00914634146,5.99958317236,9.96632933606,0.0,8.97472238866,6.0004446582,4.01479019148,6.0,6.0,8.97435032448,6.99319727891,5.0064516129,10.0332724047,4.01318681319,4.01479019148,5.99946345012,5.99946345012,8.03146949111,5.00644468314,4.01520912548,7.9847715736,12.0001055912,6.99239543726,8.97435032448,6.99319727891,9.02326476775,5.99921295435,6.06510517537,6.98939515454,5.00727272727,7.98522167488,6.98939515454,7.98479087452,6.0,9.96632933606,6.0004446582,8.97472238866,6.0,6.0,3.04760456274,6.0,6.98717948718,4.0618556701,5.01342281879,5.01474201474,10.8376054997,7.93142857143,6.0,7.95041322314,7.98076923077,10.0168783002,6.98453608247,5.98712674704,6.0,6.0,7.97266514806,6.0,4.0325203252,6.97887323944,7.97575757576,7.94520547945,6.98159509202,5.01025641026,6.0,7.89380530973,5.00760456274,6.9865470852,6.0,6.97,6.0,11.94706765,6.97490701505,6.97235023041,5.00760456274,5.03260869565,6.0,9.03076923077,10.9713734267,6.0,6.0,5.00760456274,12.2576045627,5.99921295435,5.01153846154,5.02316602317,6.0,6.98581560284,5.00727272727,6.9858490566,6.98153846154,10.3182346109,6.97945205479,4.04979253112,4.03571428571,4.02494802495,10.9448051948,6.0,6.98250728863,6.99296600234,5.00760456274,5.03703703704,7.95973154362,6.0,7.9606557377,4.01520912548,7.90551181102,6.98433420366,6.0,6.0,5.01348314607,7.96439169139,7.94570135747,5.97370625765,15.8457106274,No Country For Old Men
6,8.97501879062,11.9994839674,6.99147329286,11.0063726012,8.97270193724,8.97472238866,0.0,8.97472238866,8.02876735539,8.97343806251,8.97315263947,8.97330439501,8.97270193724,9.96942372559,11.0072276597,7.9823269514,8.02876735539,8.97418583878,8.97330439501,6.00131429317,9.96943758513,8.97472238866,8.9747127382,9.96847013847,8.97569955817,8.97330439501,11.9995698801,11.9978980249,11.9994839674,5.00637260117,8.9732222473,9.96778149685,8.97270193724,8.9732222473,8.97472238866,9.96467989258,8.97270193724,8.97516704686,7.9823269514,5.00577979726,8.97511541294,8.9623269514,9.937550832,7.97834296288,9.9204712813,7.04842736423,6.99706896614,12.8217572166,12.9641859222,8.97410777332,11.0063726012,7.98154809108,11.9992052516,9.95139911635,9.94137132,8.95480401562,7.9823269514,11.0057797973,7.9823269514,8.9660667888,9.94007343027,9.95808452716,10.9929043747,9.94551713545,7.9823269514,8.97180063561,11.0063726012,7.9823269514,7.9823269514,8.95745561053,11.9763726012,8.95763559337,10.9728195017,9.94962940372,8.95467718181,8.95480401562,7.9823269514,9.9570637935,11.9984716365,11.0063726012,9.96711782592,8.9714376592,8.9512388685,16.2145227971,11.9991101682,9.95925002832,8.95916092823,8.96205668113,8.96814255424,9.96778149685,7.9770125323,9.94540387448,15.2354325415,8.96177900619,8.95743068584,8.96446980854,7.0465297516,12.9078589475,9.96386541294,8.96483424003,8.97529295374,9.90959967867,8.94528991436,7.97102924751,8.97208804355,9.9429826891,7.9823269514,9.88783876242,7.9823269514,8.96713707798,7.9823269514,7.9823269514,7.0001311057,9.92802830887,8.94842864631,18.8069108182,Pan's Labyrinth
7,5.00745641702,6.99284009547,5.00715990453,5.99958317236,10.0171793787,6.0004446582,8.97472238866,0.0,5.00715990453,5.99827101565,7.98322112534,8.97435032448,6.99319727891,5.99884705017,11.008014963,5.00715990453,5.00715990453,5.00715990453,5.00715990453,4.01665357542,5.9988401204,6.0004446582,5.00715990453,6.9937477498,5.00715990453,8.97435032448,6.99319727891,7.04765808638,6.99284009547,5.00715990453,7.98329073317,6.99261444999,5.99977074197,7.98329073317,5.00715990453,5.99833637512,10.0171793787,4.01431980907,8.97472238866,6.99239543726,4.014371443,5.02,7.97000737756,5.99433939171,6.99239543726,5.00760456274,5.99241788979,11.8297560584,7.95855438118,7.98356164384,5.00715990453,6.9879291353,7.97019858603,4.02262382206,5.98668208883,6.0,5.00715990453,5.99349247857,5.00715990453,6.0,8.03918351011,6.98291748029,5.97976264426,5.00715990453,5.01290825778,3.02865719432,5.00715990453,6.0180364629,5.00715990453,5.99030597195,9.03808773959,5.98246854651,11.9668914482,5.99081113069,5.97951013495,6.95211403297,5.97455120888,5.99497298379,6.99239543726,6.95631244691,6.99239543726,5.99627061234,6.0,13.2387549966,6.99284009547,6.0,5.00760456274,6.02533141507,5.00715990453,6.99261444999,6.97885801774,7.9739338988,6.28571428571,7.97184749206,7.07013924884,6.97144561882,5.99468589206,12.899396881,5.00715990453,5.98966719316,5.00715990453,5.97079626817,5.9701228675,10.0022348018,5.99692099668,5.98748777339,6.0004446582,6.99239543726,5.99149410819,5.99197003112,5.97524501092,5.99367675847,6.97155159593,8.93809679473,5.97326159945,14.8399796272,HTTP Error 404: NotFound
8,3.0218019503,5.99879402035,5.99803928728,5.99916423837,9.01914234123,4.01479019148,8.02876735539,5.00715990453,0.0,6.0,8.04745408512,9.96758362973,6.99319727891,6.99208035542,6.99281437126,5.9988155557,4.01437125749,5.00718562874,5.00718562874,4.01667929963,6.99207342565,4.01479019148,6.0,8.0283932129,6.0,9.96758362973,6.99319727891,5.00847457627,5.99879402035,3.02239475422,6.98897622055,5.00718562874,6.99261083744,6.98897622055,6.0,6.99117647059,9.01914234123,5.00715990453,8.02876735539,5.05222020125,5.00721153846,3.04718562874,6.96240950934,6.98717948718,6.04748441262,3.03403126633,6.0,9.8010133579,8.92424294269,6.99074727258,6.0,7.98076923077,8.94753135239,5.01546391753,5.98670781304,6.0,6.0,6.97985077681,6.0,6.01814906772,6.0,6.9829432045,6.97260273973,5.98878072077,5.01332719177,5.00718562874,6.0,5.00718562874,6.0,4.02403956133,6.94718562874,6.0,11.0192599057,5.9908368549,5.97953585916,5.00718562874,6.96739130435,6.0,6.99281437126,7.94915254237,6.99239543726,4.01807492094,5.00718562874,12.2571856287,5.99879402035,6.0,6.0,5.0758621599,6.0,5.00718562874,6.9858490566,7.9743528328,11.2928741902,6.99281437126,6.03542127364,6.02134302823,3.03213365369,7.90190528035,6.0,6.0,3.02125362405,5.00718562874,6.93311155467,6.96691717237,6.98670781304,5.00718562874,4.01479019148,6.91269743977,6.97585403605,6.98481012658,6.0,6.07056482471,5.07092992797,8.04840294532,5.97328732366,14.866837388,Expelled: No Intelligence Allowed [Blu-ray]
9,6.0,6.0,6.00025745257,6.99197860963,9.96376068376,6.0,8.97343806251,5.99827101565,6.0,0.0,7.98193679918,12.0010758965,6.99319727891,5.99756272401,12.0032323232,6.0,6.0,6.99111111111,6.99111111111,6.000604782,5.99755579425,6.0,6.99111111111,9.96836540929,6.99111111111,12.0010758965,6.99319727891,9.96527306968,6.0,6.99111111111,11.9964069134,6.99272727273,7.98372194855,11.9964069134,6.99111111111,7.9822875817,9.96376068376,5.99827101565,8.97343806251,9.02093655815,5.99832264957,6.0,11.0231660232,7.97829059829,7.9381443299,6.0,7.97636909637,9.79760683761,9.91365079365,7.98289193303,6.99111111111,8.97188034188,9.93693920335,6.00657502864,6.99111111111,6.99111111111,6.01180076628,7.97744368514,6.0,8.04570713839,6.99111111111,6.00323232323,7.96371385084,6.99111111111,6.98974358974,6.0032748538,6.99111111111,8.93982905983,6.99111111111,6.98314606742,6.04222222222,6.0,12.9572873379,6.99111111111,6.97235023041,7.94495412844,6.96739130435,6.0,9.03790997735,8.94026365348,6.99239543726,7.97822141561,6.99111111111,15.200617284,6.0,6.98846153846,6.0,6.0,6.99111111111,6.99272727273,6.9858490566,8.96376068376,12.2839853014,8.9500152207,8.06297934431,7.00007936508,7.97505197505,12.9123232323,6.99111111111,7.96501457726,6.99111111111,7.95474747475,6.96296296296,9.94195376585,7.9795221843,7.9606557377,6.0,8.89662292213,7.97544531477,7.96962025316,6.0,6.98651685393,7.96439169139,7.00937154349,7.95721280603,15.8579484991,Jeff Dunham: Arguing with Myself
10,7.98351752729,8.97325976776,5.99997202954,7.98165137615,8.97236414961,6.0,8.97315263947,7.98322112534,8.04745408512,7.98193679918,0.0,10.0271180477,8.97236414961,6.9935483871,6.00199727843,7.98423228148,8.04745408512,7.98268457545,7.98268457545,6.00063871792,6.99355531686,6.0,7.98165137615,12.9747229697,7.98165137615,10.0271180477,8.9772202459,10.0176488882,8.97325976776,6.99082568807,11.0341303714,5.00727272727,7.98343652551,11.0341303714,7.98165137615,6.99082568807,8.97236414961,7.98366578354,8.97315263947,8.97434321537,6.99278846154,5.98917431193,6.9776119403,6.98717948718,8.92897001797,5.01342281879,7.97608367333,9.86500836551,10.0018548898,7.98260650999,6.95958753507,8.97159491884,9.04598412788,9.03812137552,8.94987005667,7.94495412844,7.9701360329,11.0059586337,4.03075704574,8.95830536287,8.05726736462,8.96658326383,5.98177705165,5.00917431193,6.00108209833,7.98029937228,8.88463099781,6.97435897436,6.99082568807,7.97397175549,7.96082568807,7.96613433005,12.9597035732,8.95812814039,7.96317591849,4.03669724771,5.03260869565,7.06225532908,9.04870598047,10.9972337292,7.98165137615,8.04702989626,7.11451594536,13.2375915781,8.04436243669,4.02071277347,6.01399171124,7.9705554178,7.97664129091,5.00727272727,8.05029154746,7.96307692308,12.2857142857,10.0254361827,9.02472748457,7.06748089299,5.01577371302,10.9457881568,7.98159491884,7.9733329767,8.97461737849,8.91809841535,7.95378865104,10.9958721477,8.97034787237,8.95148142578,5.00917431193,8.8963374991,7.97515989173,7.97563581466,6.99082568807,3.03614060406,7.98165137615,5.98202499066,8.9230290779,16.9241047526,Watchmen
11,7.98195488722,12.9881796004,8.97280854575,7.98195488722,12.0009969178,8.97435032448,8.97330439501,8.97435032448,9.96758362973,12.0010758965,10.0271180477,0.0,12.0009969178,9.96905166141,12.0107667023,11.0041642568,9.96758362973,8.9738137746,7.98195488722,6.0004711145,9.96906552095,8.97435032448,8.97574901721,12.9961079724,9.96649096969,7.98195488722,13.9841747225,11.0141940346,12.9881796004,7.98195488722,13.9783618006,8.97643198906,9.96717656209,13.9783618006,8.97576831813,9.96430782839,12.0009969178,10.0171246899,8.97330439501,8.97464672644,8.97474334876,10.0365712088,9.93717876782,6.99097744361,10.0575135873,7.97755462482,6.00571945835,12.8358460885,11.9861757588,7.98275826553,11.0099647854,11.0098430717,12.0057194584,10.0254287029,9.94099925582,7.96345450783,9.94057557687,11.0057910303,6.99097744361,11.0234977688,9.06883927334,11.0204614731,10.992061196,8.96354997924,11.0137078663,7.98045112782,11.0099647854,10.0194584563,7.97752452881,9.94824702205,12.0353116473,8.94159472756,14.9416864308,8.95827989593,7.96332767402,7.96345450783,6.99097744361,8.96571428571,12.9964384078,12.9591173278,9.96674576174,8.96919885922,10.0747363432,15.2231732893,11.992094864,9.95887796414,7.96781142044,7.97070717334,9.95358609289,8.97643198906,6.99097744361,12.9872579199,14.2440830337,11.9999135279,8.95705862166,8.96409774436,7.97850343114,13.9000683527,8.97251590515,9.94696946448,8.05845790183,11.973601149,8.91690336953,11.0289158261,8.97049962791,9.94261062492,6.99097744361,12.9572164952,6.99097744361,8.9667650138,7.95906254999,6.99097744361,6.00878159791,9.92765624468,7.95707913852,17.9356766613,Tangled
12,6.99319727891,6.99076923077,6.99076923077,7.98517588854,7.98153846154,6.99319727891,8.97270193724,6.99319727891,6.99319727891,6.99319727891,8.97236414961,12.0009969178,0.0,7.98431761787,11.9976026455,6.99319727891,6.99319727891,6.98967957416,6.98967957416,6.00052580331,7.98432454763,6.99319727891,7.98315501757,12.9961626613,6.99076923077,12.0009969178,7.98639455782,9.964589309,6.99076923077,5.99674758701,12.0349878707,6.9936672851,7.98153846154,12.0349878707,7.98316466803,7.98639455782,7.98153846154,7.98603737438,8.97270193724,5.9961547831,7.98153846154,6.01319727891,7.98639455782,8.96871794872,6.02169706582,6.99319727891,7.97845526417,9.79692307692,12.0149813074,9.96510010537,9.93195168468,8.97192307692,8.9588969521,7.97530531324,7.97271946321,6.99319727891,7.97250762374,8.96787103557,6.99319727891,8.11607306113,9.094878422,7.98107606679,6.99076923077,8.95638746296,6.99665096808,7.98267096312,9.88019986756,7.98153846154,7.98153846154,7.97634334633,8.95153846154,6.99319727891,11.9631944875,6.99319727891,7.96554750933,8.93815140735,7.96058858326,6.99319727891,8.96041170098,9.93069100391,7.98559271617,8.97141869452,9.11464081883,15.2231972789,6.99076923077,6.99319727891,6.99319727891,6.99319727891,6.99076923077,6.9936672851,7.97904633552,7.98153846154,13.2789115646,11.0630047907,8.13334526704,6.9993956044,6.01134258277,13.8982339334,7.98396650968,7.97570456754,8.97450446388,9.90881118881,7.01857549858,8.96140423335,8.97129955369,7.97109709962,6.99319727891,8.93429436705,7.98153846154,8.96281753208,6.99319727891,6.99502160761,7.97296507647,9.927239819,8.94764015645,17.8143581842,The Sound of Music [VHS]
13,5.99914345212,6.98966839612,6.0,5.99843022253,7.98431761787,5.0064516129,9.96942372559,5.99884705017,6.99208035542,5.99756272401,6.9935483871,9.96905166141,7.98431761787,0.0,6.9935483871,6.00028358738,6.99208035542,6.99185888738,6.99185888738,6.00304205798,4.01289629604,5.0064516129,6.99122318651,9.97323996126,6.0,9.96905166141,8.98029405311,6.00202296337,6.98966839612,6.0,7.984443683,5.99917888563,6.9935483871,7.984443683,6.99124248743,7.98472485769,7.98431761787,6.00070829163,9.96942372559,5.00730816078,5.0064516129,5.9864516129,7.9711603274,7.98072787428,5.0064516129,6.00697120589,5.99170959816,11.8339574404,7.95926267281,6.99001325674,6.95686483604,8.97431761787,7.97090687766,6.00901230462,5.0064516129,5.0064516129,4.02714126808,7.97988096113,5.98486887909,6.0196170994,5.0064516129,4.01857282502,6.9935483871,5.98804670493,5.01406120761,6.00407470289,6.9935483871,6.01918941274,6.9935483871,5.0064516129,5.0064516129,6.95706889685,6.95973154362,5.0064516129,7.96589861751,5.0064516129,6.02615708275,5.99382003396,6.9935483871,6.9935483871,6.0,5.99556232071,7.0181848571,13.2538047974,6.98966839612,5.0064516129,5.98328558974,6.02763731473,6.9935483871,5.99917888563,5.99230066951,5.98799007444,12.2845613359,6.96535572249,6.03688930531,6.02281105991,5.99397760043,7.90263929619,5.99722084367,7.96501457726,5.99941761525,7.95718475073,6.03058542413,7.97341415891,7.98330947925,7.97387625595,5.0064516129,6.9935483871,6.97512002021,5.99126173949,6.96808510638,5.99296846684,6.0,6.95215297037,7.95965008201,13.8732890009,Iron Man - Spanish Version
14,7.98538367844,11.0168539326,6.99085365854,11.0359884341,11.9976026455,10.0332724047,11.0072276597,11.008014963,6.99281437126,12.0032323232,6.00199727843,12.0107667023,11.9976026455,6.9935483871,0.0,7.98681318681,6.99281437126,6.99185888738,6.99185888738,10.0198424003,6.99355531686,10.0332724047,11.0359884341,12.9927855219,7.98453608247,12.0107667023,12.0196669625,6.99152542373,11.0168539326,6.00085505849,12.9908952959,6.99282296651,11.9976026455,12.9908952959,11.0359884341,10.0332724047,11.9976026455,11.008014963,11.0072276597,8.03068050552,10.0332724047,7.97282296651,10.0332724047,11.0032436711,8.09756995582,6.0124915706,10.0288929581,11.8486570201,11.9671428571,10.0357142857,8.94323618965,9.96641516378,11.0296327825,11.0154639175,11.0121212121,7.94495412844,10.0328108673,12.0,6.01440570032,7.9674796748,10.0409160192,6.0,7.96542570623,6.99282296651,9.04352881497,7.98564593301,11.0168539326,11.9819903534,10.0332724047,6.0,9.07685393258,11.0141509434,13.9505852022,11.0121212121,8.95799616343,6.0,10.0485085852,9.04590398366,11.032354635,7.98564593301,7.98479087452,10.0250402356,7.9378238342,15.2089041096,10.0280110913,6.00436142805,9.05643842788,10.0402544689,7.97163120567,6.99282296651,6.0,7.96307692308,13.2715633423,6.0,8.08550681683,6.0,6.01059395796,6.90909090909,10.0357142857,8.96815322164,7.98564593301,11.962987013,10.0357142857,8.96551170483,9.96516811731,6.98032786885,6.99282296651,10.9860283102,11.0141509434,8.9704560596,10.0332724047,5.01978925864,6.9821958457,7.96567364524,8.95174762793,15.8693131133,"Food, Inc"
15,6.0,5.9964035964,5.99772289566,6.99197860963,8.09673954911,4.01318681319,7.9823269514,5.00715990453,5.9988155557,6.0,7.98423228148,11.0041642568,6.99319727891,6.00028358738,7.98681318681,0.0,5.9988155557,6.0,6.0,5.00949367089,6.00029744691,4.01318681319,5.99795838679,9.97295637388,5.99772289566,11.0041642568,6.99319727891,8.97833861054,5.9964035964,5.00558225045,6.9908952959,5.99864135864,5.99840848806,6.9908952959,5.99797768771,5.99553975436,8.09673954911,5.00715990453,7.9823269514,6.99269183922,5.00721153846,6.0,5.96841069378,5.00036630037,2.07504248329,5.9863411756,4.99844479844,8.88214285714,5.94461538462,4.01318681319,6.0,5.99395604396,6.97735849057,4.99772289566,5.97223118179,5.95814094163,6.0,5.98585196125,5.97002134556,2.04570713839,5.14822383947,5.98894438894,5.95839229264,6.0,5.01391941392,5.99213418161,6.0,6.01904761905,4.99973389839,5.97947894802,4.98318681319,6.0,10.948910063,4.99683803934,4.9855370436,4.98566387741,5.94796942188,5.00055523424,6.99340659341,7.94915254237,5.99797768771,5.00229752099,3.04427489609,13.2318552205,5.9964035964,5.00164835165,3.03635283635,5.97264627265,5.98481801886,5.99864135864,4.99903586979,5.97626373626,8.3314214241,4.99263886798,2.06297934431,2.0489010989,5.00071280071,8.8959040959,4.01318681319,4.99569410182,5.00615281553,5.94045954046,4.01318681319,5.97291835681,4.01318681319,5.97384255089,4.01318681319,5.91869862421,4.99752101684,4.01318681319,5.94935702595,5.98622052105,5.97757850458,7.94570135747,5.94539020302,14.0150612274,Brokeback Mountain (Two-Disc Collector's Edition)
16,3.0218019503,5.99879402035,5.99803928728,5.99916423837,9.01914234123,4.01479019148,8.02876735539,5.00715990453,4.01437125749,6.0,8.04745408512,9.96758362973,6.99319727891,6.99208035542,6.99281437126,5.9988155557,0.0,5.00718562874,5.00718562874,4.01667929963,6.99207342565,4.01479019148,6.0,8.0283932129,6.0,9.96758362973,6.99319727891,5.00847457627,5.99879402035,3.02239475422,6.98897622055,5.00718562874,6.99261083744,6.98897622055,6.0,6.99117647059,9.01914234123,5.00715990453,8.02876735539,5.05222020125,5.00721153846,3.04718562874,6.96240950934,6.98717948718,6.04748441262,3.03403126633,6.0,9.8010133579,8.92424294269,6.99074727258,6.0,7.98076923077,8.94753135239,5.01546391753,5.98670781304,6.0,6.0,6.97985077681,6.0,6.01814906772,6.0,6.9829432045,6.97260273973,5.98878072077,5.01332719177,5.00718562874,6.0,5.00718562874,6.0,4.02403956133,6.94718562874,6.0,11.0192599057,5.9908368549,5.97953585916,5.00718562874,6.96739130435,6.0,6.99281437126,7.94915254237,6.99239543726,4.01807492094,5.00718562874,12.2571856287,5.99879402035,6.0,6.0,5.0758621599,6.0,5.00718562874,6.9858490566,7.9743528328,11.2928741902,6.99281437126,6.03542127364,6.02134302823,3.03213365369,7.90190528035,6.0,6.0,3.02125362405,5.00718562874,6.93311155467,6.96691717237,6.98670781304,5.00718562874,4.01479019148,6.91269743977,6.97585403605,6.98481012658,6.0,6.07056482471,5.07092992797,8.04840294532,5.97328732366,14.866837388,The Polar Express Presented in Anaglyph 3-D [Blu-ray]
17,5.00647520894,6.99185888738,5.00914634146,6.99185888738,6.98967957416,5.99946345012,8.97418583878,5.00715990453,5.00718562874,6.99111111111,7.98268457545,8.9738137746,6.98967957416,6.99185888738,6.99185888738,6.0,5.00718562874,0.0,4.01628222524,5.00949367089,6.99185888738,5.99946345012,6.0,9.02231469912,6.0,8.9738137746,7.98505616629,5.00847457627,6.99185888738,4.01520912548,7.98275418328,6.99185888738,6.98967957416,7.98275418328,6.0,6.9904940538,6.98967957416,5.00715990453,8.97418583878,6.0,5.00721153846,5.03185888738,6.9776119403,6.98717948718,7.11542709867,4.02684563758,6.0,7.81538461538,7.9575731731,6.99178082192,6.0,6.98891034339,5.98549960318,5.01546391753,6.9795221843,6.95309524106,6.0,6.98633257403,6.0,6.0,6.0,6.98389868838,6.97260273973,6.0,6.0,5.01052631579,6.0,6.97435897436,6.0,6.00871281997,5.97814111262,6.97530864198,11.9670397044,6.0,5.98049134303,5.98061817684,6.96739130435,5.01263157895,8.94960536625,6.99185888738,6.0,6.0,6.99185888738,13.251107115,6.99185888738,6.98506418954,6.96180906629,6.0242583153,6.0,6.99185888738,6.99185888738,6.98153846154,11.2928741902,6.99185888738,7.10336395969,5.01785714286,4.02494802495,7.90094979647,6.0,6.98250728863,4.01517511027,6.96363636364,4.04517814966,7.97172465919,6.98976109215,5.98846898147,5.99946345012,6.95275590551,5.99247531627,6.98481012658,6.0,5.01348314607,6.0,7.94570135747,6.96610169492,14.866837388,Cars (Spanish Language Widescreen Edition)
18,5.00647520894,6.99185888738,5.00914634146,6.99185888738,6.98967957416,5.99946345012,8.97330439501,5.00715990453,5.00718562874,6.99111111111,7.98268457545,7.98195488722,6.98967957416,6.99185888738,6.99185888738,6.0,5.00718562874,4.01628222524,0.0,5.00949367089,6.99185888738,5.99946345012,6.0,9.02231469912,6.0,7.98195488722,7.98505616629,5.00847457627,6.99185888738,4.01520912548,7.98275418328,6.99185888738,6.98967957416,7.98275418328,6.0,6.9904940538,6.98967957416,5.00715990453,8.97330439501,6.0,5.00721153846,5.03185888738,6.9776119403,6.98717948718,7.11542709867,4.02684563758,6.0,7.81538461538,7.9575731731,6.99178082192,6.0,6.98891034339,5.98549960318,5.01546391753,6.9795221843,6.95309524106,6.0,6.98633257403,6.0,6.0,6.0,6.98389868838,6.97260273973,6.0,6.0,5.01052631579,6.0,6.97435897436,6.0,6.00871281997,5.97814111262,6.97530864198,11.9670397044,6.0,5.98049134303,5.98061817684,6.96739130435,5.01263157895,8.94960536625,6.99185888738,6.0,6.0,6.99185888738,13.251107115,6.99185888738,6.98506418954,6.96180906629,6.0242583153,6.0,6.99185888738,6.99097744361,6.98153846154,11.2928741902,6.99185888738,7.10336395969,5.01785714286,4.02494802495,7.90094979647,6.0,6.98250728863,4.01517511027,6.96363636364,4.04517814966,7.97172465919,6.98976109215,5.98846898147,5.99946345012,6.95275590551,5.99247531627,6.98481012658,6.0,5.01348314607,6.0,7.94570135747,6.96610169492,14.866837388,Sound of Music [VHS]
19,5.01167918099,6.9927104541,4.01898734177,5.0109659514,6.00052580331,8.03146949111,6.00131429317,4.01665357542,4.01667929963,6.000604782,6.00063871792,6.0004711145,6.00052580331,6.00304205798,10.0198424003,5.00949367089,4.01667929963,5.00949367089,5.00949367089,0.0,6.00304898775,8.03146949111,5.00949367089,6.99563685795,5.00949367089,6.0004711145,11.0098508543,7.04954719453,6.9927104541,4.01898734177,8.97229692092,5.00949367089,5.01159817921,8.97229692092,5.00949367089,6.00067014147,6.00052580331,4.01665357542,6.00131429317,5.01167918099,4.01670520935,5.98949367089,9.03146135425,5.00949367089,7.08453615418,5.00949367089,4.02423568563,10.8543623158,10.0046919861,6.0012744928,5.00949367089,5.00937195716,9.02671930054,4.02495758841,5.98901585519,5.98197073511,5.00949367089,5.0053199158,5.00949367089,6.97697334568,7.08735550062,6.98525124664,4.9915900815,5.00949367089,5.99923726063,3.03054630247,5.00949367089,4.01898734177,5.00949367089,5.9926397383,9.04042150594,5.98480231286,10.9787188854,5.98628979409,5.9818439013,5.98197073511,5.00949367089,5.99372418388,9.04462836741,6.95864621326,5.01138277903,5.99720875738,6.9689119171,12.2533215454,6.9927104541,6.98641674781,5.00949367089,5.98922340062,5.00949367089,5.00949367089,5.00949367089,9.9440895813,10.3023678611,10.0021325389,7.07247301519,5.99163652803,5.0065133293,11.91858458,5.00949367089,5.99200095952,5.00949367089,5.97313003452,5.97245663385,9.01406223906,5.99850952607,5.98982153974,5.00949367089,7.90551181102,4.01898734177,5.98860759494,5.97757877727,5.00949367089,4.02729782519,9.92671401569,5.9755953658,14.8423133935,"Harry Potter and the Deathly Hallows, Part 1 (With Dobby Bookend)"
20,5.99913652236,6.98966146635,6.0,5.99842329276,7.98432454763,5.00644468314,9.96943758513,5.9988401204,6.99207342565,5.99755579425,6.99355531686,9.96906552095,7.98432454763,4.01289629604,6.99355531686,6.00029744691,6.99207342565,6.99185888738,6.99185888738,6.00304898775,0.0,5.00644468314,6.99121625674,9.97325382079,6.0,9.96906552095,8.98030791264,6.00202989313,6.98966146635,6.0,7.98445061277,5.99917195586,6.99355531686,7.98445061277,6.99123555766,7.98473178745,7.98432454763,6.0007152214,9.96943758513,5.00730816078,5.00644468314,5.98644468314,7.97116725716,7.98073480404,5.00644468314,6.00697813566,5.99170266839,11.8339505106,7.95926960258,6.99000632697,6.95685790628,8.97432454763,7.97091380743,6.00901923439,5.00644468314,5.00644468314,4.02713433831,7.9798878909,5.98486194932,6.01963095893,5.00644468314,4.01856589526,6.99355531686,5.98803977516,5.01406813738,6.00408163265,6.99355531686,6.0191963425,6.99355531686,5.00644468314,5.00644468314,6.95706196709,6.95973154362,5.00644468314,7.96590554728,5.00644468314,6.02616401252,5.99381310419,6.99355531686,6.99355531686,6.0,5.99555539094,7.01819871663,13.2538117271,6.98966146635,5.00644468314,5.98327865997,6.02765117427,6.99355531686,5.99917195586,5.99229373974,5.98798314467,12.2845544061,6.96534879273,6.03690316485,6.02282491944,5.99397067066,7.90264622595,5.99721391391,7.96501457726,5.99941068548,7.9571916805,6.0305923539,7.97342108868,7.98331640901,7.97388318572,5.00644468314,6.99355531686,6.97511309045,5.99125480972,6.96808510638,5.99296153707,6.0,6.9521460406,7.95965701178,13.8732820711,Back to the Future: The Complete Trilogy
21,3.0222208843,5.99921295435,5.00914634146,5.99958317236,9.96632933606,4.01520912548,8.97472238866,6.0004446582,4.01479019148,6.0,6.0,8.97435032448,6.99319727891,5.0064516129,10.0332724047,4.01318681319,4.01479019148,5.99946345012,5.99946345012,8.03146949111,5.00644468314,0.0,7.9847715736,12.0001055912,6.99239543726,8.97435032448,6.99319727891,9.02326476775,5.99921295435,6.06510517537,6.98939515454,5.00727272727,7.98522167488,6.98939515454,7.98479087452,6.0,9.96632933606,6.0004446582,8.97472238866,6.0,6.0,3.04760456274,6.0,6.98717948718,4.0618556701,5.01342281879,5.01474201474,10.8376054997,7.93142857143,6.0,7.95041322314,7.98076923077,10.0168783002,6.98453608247,5.98712674704,6.0,6.0,7.97266514806,6.0,4.0325203252,6.97887323944,7.97575757576,7.94520547945,6.98159509202,5.01025641026,6.0,7.89380530973,5.00760456274,6.9865470852,6.0,6.97,6.0,11.94706765,6.97490701505,6.97235023041,5.00760456274,5.03260869565,6.0,9.03076923077,10.9713734267,6.0,6.0,5.00760456274,12.2576045627,5.99921295435,5.01153846154,5.02316602317,6.0,6.98581560284,5.00727272727,6.9858490566,6.98153846154,10.3182346109,6.97945205479,4.04979253112,4.03571428571,4.02494802495,10.9448051948,6.0,6.98250728863,6.99296600234,5.00760456274,5.03703703704,7.95973154362,6.0,7.9606557377,4.01520912548,7.90551181102,6.98433420366,6.0,6.0,5.01348314607,7.96439169139,7.94570135747,5.97370625765,15.8457106274,Back to the Future - The Complete Trilogy [VHS]
22,5.00730816078,6.9923857868,6.0,6.0,7.98315501757,7.9847715736,8.9747127382,5.00715990453,6.0,6.99111111111,7.98165137615,8.97574901721,7.98315501757,6.99122318651,11.0359884341,5.99795838679,6.0,6.0,6.0,5.00949367089,6.99121625674,7.9847715736,0.0,9.97091476067,6.0,8.97574901721,8.97796885252,9.96782242106,6.9923857868,6.0,7.98179059181,6.0,6.99261083744,7.98179059181,6.0,6.99117647059,7.98315501757,5.00715990453,8.9747127382,6.9923857868,5.00721153846,6.98,7.9699977271,6.98717948718,6.02331362185,6.98657718121,6.98525798526,9.80015618899,8.95048585932,7.9847715736,6.0,7.98076923077,8.96213006417,5.01546391753,6.9795221843,6.97247706422,6.0,6.98633257403,5.02158273381,6.01729189881,9.0629431763,7.97575757576,6.97260273973,6.0,6.00528439412,6.98947368421,6.0,7.01041259925,6.0,6.98314606742,8.9547715736,6.97530864198,12.9594254912,6.98365122616,6.97235023041,7.94495412844,6.96739130435,6.99740315255,7.9847715736,7.94915254237,7.9847715736,6.9891107078,4.0621761658,14.2284172662,6.9923857868,6.98846153846,7.00793759677,7.95945945946,6.0,6.0,6.9923857868,7.9847715736,11.2928741902,7.9718378416,6.03456410472,6.02048585932,6.98752598753,12.9090909091,6.0,6.98250728863,6.0,6.96363636364,6.96296296296,9.94450311723,6.98976109215,6.98032786885,6.95275590551,7.9847715736,6.98433420366,6.98481012658,6.96808510638,6.98651685393,7.00257572791,8.93808714427,6.96610169492,15.8328197227,Constantine [Blu-ray]
23,8.97845527197,8.97628837675,8.97760767601,8.97702881278,12.9961626613,12.0001055912,9.96847013847,6.9937477498,8.0283932129,9.96836540929,12.9747229697,12.9961079724,12.9961626613,9.97323996126,12.9927855219,9.97295637388,8.0283932129,9.02231469912,9.02231469912,6.99563685795,9.97325382079,12.0001055912,9.97091476067,0.0,8.97760767601,12.9961079724,13.0198810065,10.0261967107,8.97628837675,8.97786246806,9.96793377887,9.02120758415,7.98568243097,9.96793377887,9.97093406159,9.96849612824,12.9961626613,8.97875178446,9.96847013847,8.97883502629,8.97864851661,8.96614318707,10.9764314648,9.96050216143,10.0619612613,7.98614318707,8.97140117232,13.8154902066,8.92450016496,9.9697048309,11.0071395888,9.96691241784,10.9915320771,10.0226035064,11.0071395888,9.04169652228,9.94476387672,10.9938727322,10.0141735865,8.96988302447,9.94388966594,9.96190076282,11.9797423286,10.0028026762,7.98614318707,6.00719581865,8.88687690327,10.9699255329,9.95923735747,8.03806151674,9.06713958884,8.96145182904,14.9458747307,10.0048588103,9.9308436479,8.93802572197,11.9745308932,6.99877476601,12.0066560076,11.0071395888,9.97093406159,8.03209687635,9.06931575465,14.2430715935,8.97628837675,11.9956011273,7.98614318707,6.02668372761,9.95777439274,9.02120758415,11.9929886454,8.95614851661,13.2794620355,7.97252364833,10.0498981223,8.96828604421,10.0321438436,14.8816145574,9.96768164861,10.9862221614,5.00713958884,11.9707759525,10.9471335101,10.9809391278,8.97259377783,9.02120758415,8.89858340456,10.9267193952,8.97047739072,7.97788172012,11.9752246952,10.994241292,7.05681589276,10.0342889101,9.9183465769,18.8107270539,Dr. Horrible's Sing-Along Blog [Blu-ray]
24,6.99269183922,6.0,4.01546391753,6.0,6.99076923077,6.99239543726,8.97569955817,5.00715990453,6.0,6.99111111111,7.98165137615,9.96649096969,6.99076923077,6.0,7.98453608247,5.99772289566,6.0,6.0,6.0,5.00949367089,6.0,6.99239543726,6.0,8.97760767601,0.0,9.96649096969,6.99319727891,6.00074261751,6.0,5.99974520795,9.96632667428,6.0,6.99076923077,9.96632667428,6.0,6.99117647059,6.99076923077,5.00715990453,8.97569955817,5.99915240403,5.00721153846,5.02,7.98453608247,6.98717948718,5.03092783505,7.97315436242,5.00773195876,9.79992069786,9.9159646539,6.99178082192,5.98293857033,7.98076923077,5.00773195876,5.01546391753,6.9795221843,6.0,5.00773195876,6.98633257403,6.0,6.01705640768,6.99226804124,6.98787878788,5.98033469849,3.04454177471,5.01278086175,6.00279435703,6.0,6.01790906688,6.0,6.00912197382,5.05226804124,6.0,10.9751954611,6.0,6.97235023041,7.94495412844,6.96739130435,6.99226804124,6.99226804124,7.94915254237,6.0,6.9891107078,6.99226804124,11.2761368667,6.0,6.0,6.97683397683,6.02507662301,6.0,6.0,6.9858490566,7.97380650278,11.2928741902,5.98718401356,6.03432861359,6.02025036819,6.00948410742,8.89362699157,6.0,6.98250728863,5.99860407778,6.96363636364,6.96296296296,8.96440185429,6.98976109215,6.98032786885,6.95275590551,6.99226804124,6.98433420366,6.98481012658,6.96808510638,6.98651685393,6.0,6.0194173625,6.96610169492,15.8328197227,V for Vendetta
